                                   0.4775

                                   0.4774

                                   0.4772

                                   0.4769

                                   0.4764

                                   0.4758

                                   0.4751

                                   0.4742

                                   0.4733

                                   0.4722

                                   0.4709

                                   0.4696

                                   0.4681

                                   0.4665

                                   0.4647

                                   0.4629

                                   0.4609

                                   0.4589

                                   0.4567

                                   0.4544

                                   0.4519

                                   0.4494

                                   0.4468

                                   0.4440

                                   0.4412

                                   0.4383

                                   0.4352

                                   0.4321

                                   0.4289

                                   0.4255

                                   0.4221

                                   0.4186

                                   0.4150

                                   0.4114

                                   0.4076

                                   0.4038

                                   0.3999

                                   0.3959

                                   0.3919

                                   0.3877

                                   0.3836

                                   0.3793

                                   0.3750

                                   0.3707

                                   0.3663

                                   0.3618

                                   0.3573

                                   0.3527

                                   0.3481

                                   0.3434

                                   0.3388

                                   0.3340

                                   0.3293

                                   0.3245

                                   0.3197

                                   0.3148

                                   0.3099

                                   0.3051

                                   0.3002

                                   0.2952

                                   0.2903

                                   0.2854

                                   0.2804

                                   0.2755

                                   0.2705

                                   0.2656

                                   0.2606

                                   0.2557

                                   0.2507

                                   0.2458

                                   0.2409

                                   0.2360

                                   0.2311

                                   0.2263

                                   0.2214

                                   0.2166

                                   0.2119

                                   0.2071

                                   0.2024

                                   0.1977

                                   0.1931

                                   0.1885

                                   0.1839

                                   0.1794

                                   0.1749

                                   0.1705

                                   0.1661

                                   0.1618

                                   0.1576

                                   0.1533

                                   0.1492

                                   0.1451

                                   0.1410

                                   0.1371

                                   0.1332

                                   0.1293

                                   0.1255

                                   0.1218

                                   0.1181

                                   0.1146

                                   0.1110

                                   0.1076

                                   0.1043

                                   0.1009

                                   0.09757

                                   0.09452

                                   0.09127

                                   0.08826

                                   0.08534

                                   0.08238

                                   0.07951

                                   0.07673

                                   0.07403

                                   0.07131

                                   0.06867

                                   0.06623

                                   0.06365

                                   0.06127

                                   0.05896

                                   0.05663

                                   0.05438

                                   0.05221

                                   0.05012

                                   0.04801

                                   0.04598

                                   0.04410

                                   0.04214

                                   0.04032

                                   0.03857

                                   0.03682

                                   0.03513

                                   0.03351

                                   0.03196

                                   0.03040

                                   0.02891

                                   0.02753

                                   0.02611

                                   0.02479

                                   0.02353

                                   0.02228

                                   0.02108

                                   0.01994

                                   0.01884

                                   0.01776

                                   0.01673

                                   0.01578

                                   0.01481

                                   0.01392

                                   0.01307

                                   0.01223

                                   0.01144

                                   0.01069

                                  0.009980

                                  0.009285

                                  0.008628

                                  0.008027

                                  0.007422

                                  0.006871

                                  0.006352

                                  0.005849

                                  0.005376

                                  0.004934

                                  0.004520

                                  0.004122

                                  0.003751

                                  0.003416

                                  0.003086

                                  0.002789

                                  0.002514

                                  0.002253

                                  0.002013

                                  0.001793

                                  0.001591

                                  0.001401

                                  0.001230

                                  0.001078

                                  0.0009334

                                  0.0008070

                                  0.0006938

                                  0.0005902

                                  0.0004984

                                  0.0004177

                                  0.0003470

                                  0.0002840

                                  0.0002298

                                  0.0001847

                                  0.0001446

                                  0.0001120

                                 0.00008516

                                 0.00006280

                                 0.00004505

                                 0.00003125

                                 0.00002081

                                 0.00001299

                                 0.000007557

                                 0.000004061

                                 0.000001831

                                 6.742e-7
                                        
                                 1.669e-7  

                                 1.465e-8   

                                   0.

